35
110
13
23
427
295
291
90
730
343
654
66
97
109
708
107
193
154
125
29
207
145
317
328
331
836
60
389
100
714
153
27
57
1292
200
146
2458
1366
273
186
142
47
140
435
35
67
239
293
204
29
280
75
181
274
201
285
288
11
115
37
370
4
120
52
308
636
398
555
133
241
523
76
260
9
557
173
134
348
117
200
153
35
54
154
88
183
923
8
114
1
87
85
300
58
70
72
294
257
377
173
147
39
130
17
44
427
289
27
34
20
13
536
346
58
150
220
49
4
97
124
1094
1
111
127
144
239
249
412
400
8
170
761
69
6
463
232
421
110
49
27
953
73
1039
359
58
129
697
34
49
11
143
170
2
210
702
69
21
63
255
170
658
100
719
201
304
213
85
275
296
487
351
214
142
53
8
119
496
38
46
57
21
108
280
49
40
221
136
58
157
514
518
14
69
38
38
63
170
966
105
42
41
566
403
63
316
273
197
10
1
59
264
193
138
203
555
132
121
96
54
91
58
79
148
110
43
147
28
170
7
87
34
22
390
134
312
113
421
97
125
46
48
369
623
161
177
39
154
77
771
123
270
44
268
2065
972
121
107
217
505
186
167
142
76
230
162
318
570
665
156
277
766
91
50
107
170
973
122
159
73
708
108
387
65
3
716
174
228
68
347
75
153
23
402
52
516
768
102
169
363
159
45
24
27
31
23
450
630
249
511
352
266
348
99
525
94
319
694
23
697
36
200
203
627
208
270
59
230
181
341
366
333
42
48
437
66
115
59
169
339
247
190
22
204
33
554
121
103
360
81
697
39
131
56
617
90
865
183
5
224
375
104
838
68
363
176
1161
69
828
34
717
182
380
302
132
112
236
92
128
334
66
110
26
505
179
131
40
277
628
218
2
172
105
6
486
305
308
669
207
189
594
280
52
408
186
155
203
904
519
28
124
736
457
97
166
77
4
35
141
22
267
423
138
164
687
721
223
218
2066
974
125
4
100
721
220
48
594
270
60
410
299
17
50
135
609
23
517
2
231
228
93
242
9
711
126
58
127
181
281
96
81
700
53
32
160
85
498
59
225
570
679
384
949
65
873
229
126
95
616
78
21
85
302
112
193
146
601
486
292
130
1211
118
397
483
195
366
301
96
32
169
505
191
39
103
330
552
95
806
480
141
33
324
114
684
527
126
71
202
435
30
531
195
387
62
138
189
554
127
169
567
426
239
248
289
35
130
25
235
41
860
156
241
532
214
174
193
169
430
524
81
497
46
45
29
281
98
264
187
203
775
147
40
387
50
126
65
14
142
96
56
371
27
6
423
144
181
254
107
202
340
348
112
240
318
483
201
252
47
219
44
318
551
79
153
64
404
90
398
710
118
366
329
468
470
729
319
597
344
13
528
148
81
421
98
196
971
117
211
4
73
717
179
142
44
407
156
299
24
26
379
285
297
668
192
128
301
76
388
82
1126
33
570
626
194
246
141
880
271
78
32
190
17
18
133
236
69
1109
17
36
279
42
100
8
111
131
56
454
44
244
66
127
154
117
141
22
272
113
309
23
1147
54
137
78
30
623
152
10
26
555
134
455
51
154
108
241
469
627
210
634
335
86
6
1067
555
134
362
139
381
432
743
794
297
687
726
277
608
16
1208
115
63
297
665
160
76
238
176
697
39
89
341
383
755
41
561
246
183
1238
145
400
11
134
293
177
4
122
138
203
1026
299
34
32
231
301
82
18
202
455
62
108
337
177
23
658
98
301
99
371
23
840
75
133
227
46
67
188
304
202
473
30
485
248
327
285
335
97
125
9
319
881
279
22
256
236
61
62
125
15
209
342
478
92
81
484
232
327
257
288
2
214
157
545
17
83
137
89
251
25
153
35
138
157
403
66
108
399
3
563
297
788
240
326
212
30
417
21
66
113
325
175
295
296
381
402
44
304
219
26
410
277
624
172
102
126
89
355
554
117
230
202
380
346
68
377
180
222
143
128
268
750
18
120
7
80
204
36
293
199
110
17
81
423
162
252
35
150
246
169
381
361
120
46
58
130
735
423
152
16
992
177
16
1091
1309
217
396
396
425
198
61
25
251
15
214
136
25
133
176
689
1126
34
15
176
0
18
193
177
5
248
287
997
193
150
256
223
228
66
81
489
452
14
92
69
19
395
337
164
1109
17
40
375
111
66
74
75
114
848
106
75
169
516
1070
587
150
265
222
168
323
101
78
49
41
11
193
171
23
500
96
33
252
56
363
179
153
66
140
394
259
653
59
165
41
19
273
179
99
576
30
10
1036
344
18
223
205
79
170
1056
465
324
112
216
367
385
17
90
376
141
34
1
75
123
315
238
201
238
187
226
8
107
142
56
334
59
170
10
30
488
362
154
80
302
142
58
120
44
369
627
203
1227
135
569
547
43
156
308
1447
355
545
19
283
181
364
204
28
94
484
227
31
86
764
82
16
1008
230
162
320
8
232
354
398
738
507
230
160
130
14
144
201
247
211
879
262
88
106
95
866
189
982
147
39
139
272
139
265
246
146
959
88
160
90
437
74
55
206
110
59
279
27
23
10
60
587
144
218
711
131
86
834
53
56
544
5
167
180
172
71
204
11
135
515
628
232
349
149
177
22
187
203
498
63
211
11
118
328
336
115
20
56
624
167
172
111
104
434
17
33
306
408
211
1330
238
159
50
76
379
264
180
187
220
62
73
11
129
568
459
126
74
44
298
952
72
293
182
405
104
576
31
33
544
11
97
127
179
117
141
9
368
564
314
171
34
47
165
56
328
300
56
350
166
115
41
1870
778
165
50
122
195
470
831
43
167
143
104
497
45
31
59
290
56
862
165
26
508
255
206
101
92
90
612
45
12
270
47
192
98
192
88
162
314
185
90
506
212
61
5
175
350
173
141
1139
47
135
13
789
252
30
495
25
179
97
93
174
277
805
468
499
74
80
189
730
344
10
52
600
439
117
242
720
208
213
113
324
122
200
184
54
116
100
34
39
100
32
219
38
58
150
253
78
81
527
136
47
257
370
13
719
201
271
79
95
2
265
266
289
50
140
503
147
39
88
159
39
119
447
399
876
247
213
115
11
185
88
115
11
185
108
284
256
274
218
840
76
236
92
94
273
176
515
638
474
35
79
113
368
525
104
526
119
3
7
67
169
346
63
259
789
248
271
67
285
302
128
210
645
4
113
314
157
623
154
125
15
249
365
266
305
281
84
244
80
209
367
398
618
100
32
124
421
94
476
72
341
418
37
415
817
1070
592
233
592
230
189
476
65
15
208
201
253
65
19
298
15
234
3
1015
253
74
55
234
7
14
98
238
188
364
213
84
192
126
82
26
405
110
48
332
6
727
294
253
76
241
485
248
264
212
65
23
936
35
142
47
179
145
338
224
331
762
71
154
96
69
22
278
1008
228
70
108
242
713
145
477
84
193
202
424
164
4
40
374
78
51
202
427
300
49
6
416
18
117
150
273
168
252
49
46
83
111
109
509
296
421
112
179
137
90
461
186
162
232
357
19
476
73
14
43
184
24
106
78
71
261
69
26
329
410
286
408
199
85
501
102
143
148
74
88
124
454
41
545
20
35
92
120
19
402
47
272
136
34
39
100
0
5
140
437
69
27
831
44
248
268
594
264
195
455
54
73
632
294
277
580
67
172
88
154
86
570
631
281
106
105
29
320
14
103
217
380
319
1019
270
50
121
106
112
228
61
28
169
395
344
8
107
143
128
325
167
146
498
69
14
129
355
613
55
198
41
20
6
361
120
9
270
51
286
490
512
418
47
168
328
304
239
250
549
63
196
809
567
436
45
38
26
629
243
36
236
77
11
99
460
146
688
753
30
480
126
94
447
409
245
103
345
35
81
565
354
496
35
151
407
161
215
185
101
47
132
134
428
314
163
397
526
108
238
199
136
66
132
149
130
766
91
33
256
222
169
455
48
435
40
216
339
246
164
679
384
827
28
84
197
24
64
411
330
547
40
360
72
339
239
238
173
173
149
139
356
820
7
24
32
147
19
442
176
524
80
191
73
945
54
123
369
822
14
89
361
99
379
255
184
45
598
381
392
202
399
795
314
174
268
583
99
641
599
418
38
54
110
28
85
352
283
169
334
76
341
453
23
403
74
107
133
261
55
194
310
25
230
192
119
436
45
39
88
101
42
73
811
611
38
10
55
309
15
158
705
86
22
223
213
94
454
46
113
313
125
25
146
876
243
26
515
619
106
87
80
232
432
1280
188
332
11
110
13
31
106
96
36
318
501
109
487
335
84
177
17
71
137
77
684
546
33
304
219
34
1246
154
80
199
141
1368
275
325
168
284
279
34
17
42
103
217
558
192
99
413
514
529
161
171
59
169
555
140
530
184
42
48
619
110
16
451
1
102
154
99
615
76
257
346
70
60
420
81
941
45
34
35
119
636
401
22
296
447
370
10
48
461
165
41
658
96
45
0
20
58
70
103
356
844
90
503
134
453
25
218
684
548
46
49
25
122
176
1524
432
801
400
9
400
19
325
176
478
90
503
150
297
629
241
665
160
81
346
63
246
170
876
247
226
827
28
85
418
39
98
222
198
45
722
226
12
335
91
15
182
522
58
154
129
587
144
255
178
85
460
143
139
363
163
636
388
79
113
276
455
50
67
217
439
109
732
366
325
163
543
1452
359
65
1138
46
76
306
422
116
103
322
53
1064
526
109
659
101
111
91
32
124
1008
230
164
15
251
14
88
159
41
14
129
528
142
44
364
217
451
1124
32
127
140
612
46
63
197
19
519
27
42
50
92
128
208
247
207
164
711
131
71
165
39
105
12
245
120
26
483
212
55
189
968
111
76
414
584
112
176
496
37
452
8
247
246
173
133
228
67
275
333
48
406
152
7
101
75
186
158
21
99
541
654
66
83
74
100
957
84
166
103
367
392
176
493
1278
185
114
492
865
182
416
2
328
330
594
261
37
346
67
209
356
4
34
31
27
47
159
32
234
782
197
37
832
47
149
178
70
59
195
347
94
282
157
357
18
205
62
104
987
163
378
199
133
175
375
111
82
12
333
39
172
97
112
175
330
502
119
492
790
263
143
142
96
71
204
1501
408
208
259
836
59
274
199
90
650
38
48
356
2
212
45
608
18
194
238
193
162
324
113
405
103
213
99
367
399
4
118
333
44
389
90
524
85
389
89
317
416
8
189
673
265
271
64
709
112
189
490
487
318
490
476
65
54
154
110
33
278
8
218
2192
1099
7
49
733
393
219
44
300
53
9
644
1395
303
169
366
357
6
865
180
219
25
248
260
13
868
200
192
114
1008
227
56
428
341
453
32
199
135
12
243
40
412
374
89
216
350
170
1675
583
101
85
501
106
113
268
652
48
307
466
342
540
551
80
244
67
180
189
483
211
979
138
196
1098
5
246
157
424
185
112
170
612
48
288
17
83
124
437
67
183
20
26
326
208
277
532
236
86
1141
49
853
127
131
65
42
37
411
321
28
109
472
10
54
105
13
27
38
10
46
79
164
4
113
434
26
411
314
172
86
11
168
233
604
678
346
65
11
188
356
799
361
103
285
336
134
345
24
73
892
367
405
124
722
230
160
88
102
180
193
153
43
203
711
130
2
220
47
147
49
27
23
1058
480
141
23
638
445
298
8
228
96
36
182
456
78
60
626
195
386
26
361
110
19
569
570
622
148
77
756
45
538
409
244
59
267
403
74
93
169
359
66
113
404
89
264
186
157
413
458
108
273
165
38
11
78
39
185
70
83
127
170
638
484
224
412
404
96
32
169
538
408
187
273
189
604
726
274
241
618
105
1170
77
13
25
187
245
102
122
228
71
146
617
93
184
43
139
305
286
483
212
60
531
201
218
638
451
1
74
36
199
113
380
338
225
569
514
588
159
68
314
187
194
311
73
10
4
62
82
1283
191
41
470
801
397
530
184
60
374
90
634
343
1741
649
27
21
125
4
75
115
58
92
66
97
175
348
112
139
318
454
34
895
398
755
39
121
121
90
770
112
233
577
39
95
609
21
84
238
165
24
57
36
311
69
12
244
78
22
291
106
57
49
783
201
277
521
46
76
266
303
169
421
103
351
249
363
168
281
98
207
144
279
47
190
34
28
80
285
321
27
56
374
89
366
360
78
28
131
36
163
525
99
351
248
340
294
227
38
52
653
60
364
227
49
34
3
478
100
11
112
183
18
113
434
25
180
198
76
431
565
357
12
217
390
117
166
106
129
364
232
324
135
793
288
13
559
197
36
195
314
165
41
17
27
44
308
674
281
97
92
84
206
82
22
197
20
1022
282
143
148
117
141
20
25
214
123
259
855
133
219
28
139
333
43
184
57
19
362
135
546
26
380
325
167
140
448
424
191
65
30
14
74
41
5
160
82
22
211
1229
136
61
44
320
1844
752
26
419
65
25
149
131
41
595
289
36
246
150
266
297
537
361
100
0
32
109
527
128
264
180
193
153
37
800
381
421
101
83
93
241
596
323
100
6
447
379
253
72
401
27
6
334
58
71
157
455
56
327
256
236
77
579
61
44
520
39
164
19
297
565
348
119
451
931
25
256
276
355
506
216
294
255
188
356
768
106
85
530
187
197
13
29
192
87
41
1164
72
390
132
145
319
817
1176
84
160
112
203
565
355
550
66
119
489
449
539
450
730
333
50
57
1303
211
939
42
72
337
174
216
349
134
453
32
133
270
62
87
41
593
248
283
212
65
55
275
319
811
617
88
115
27
36
254
115
21
126
80
206
91
11
99
332
13
40
212
38
50
69
30
17
39
110
37
736
468
476
63
209
408
209
329
372
37
367
374
81
502
131
69
1106
14
46
122
137
68
461
181
257
314
165
62
82
30
563
289
23
414
560
215
201
267
572
1114
22
192
95
837
61
62
65
25
136
16
562
277
573
5
196
645
5
158
1054
446
324
112
183
1001
205
55
260
5
301
96
24
47
218
2
245
93
203
700
53
34
28
134
468
474
34
745
1101
9
339
263
130
700
56
723
242
766
91
27
12
233
575
25
144
259
656
78
44
283
185
103
342
563
280
58
79
109
648
23
8
103
264
164
4
83
116
139
306
379
247
239
261
37
599
405
110
7
38
10
2
290
62
67
153
57
29
190
8
114
1094
2
256
218
758
52
312
113
368
527
129
579
56
463
244
50
108
361
115
55
234
13
510
315
233
747
4
33
363
174
233
449
511
383
598
373
61
0
1
145
397
528
152
3
16
565
357
15
317
418
35
86
23
10
16
589
185
96
60
970
116
65
25
152
0
0
10
50
120
45
5
188
314
181
320
18
241
556
157
479
116
83
128
305
306
350
184
40
275
287
968
109
3
455
59
294
275
348
111
99
355
666
173
128
272
120
50
84
259
799
362
127
190
7
17
23
742
734
401
25
233
553
105
24
39
154
85
357
8
253
90
1097
5
202
409
223
256
218
650
35
83
66
87
87
88
125
31
108
282
120
17
44
374
88
154
84
228
66
80
252
33
362
142
57
58
90
620
122
181
322
46
100
9
478
95
561
244
72
284
269
30
435
29
180
163
364
228
89
206
89
332
12
446
349
137
80
325
149
140
452
6
655
68
511
384
884
301
92
104
816
981
145
472
14
100
19
534
279
40
338
225
430
482
170
633
320
16
348
111
80
202
341
367
425
218
1459
366
343
711
131
39
132
116
119
468
487
350
190
6
561
238
168
242
774
142
61
4
92
75
148
69
17
33
280
63
188
359
59
229
105
41
425
226
963
97
132
141
6
4
99
412
426
239
277
684
514
549
63
239
260
11
140
546
32
218
729
316
303
154
78
73
692
13
650
32
207
134
335
88
111
118
268
1
104
562
280
56
347
74
82
21
122
204
7
48
343
1347
255
155
167
159
53
19
308
1063
517
5
206
109
424
174
275
303
166
72
500
91
39
145
372
52
593
257
288
16
439
106
73
12
222
187
194
311
72
368
469
627
207
151
542
769
112
163
363
167
183
14
90
432
1106
13
37
771
121
126
56
674
278
3
820
8
124
472
7
60
979
138
199
139
263
152
756
42
105
5
163
456
68
385
18
192
113
400
11
145
347
91
29
275
270
42
56
502
126
67
243
34
47
164
5
304
203
632
288
3
1177
84
255
163
509
289
25
266
296
410
299
40
402
57
23
521
42
31
91
22
312
112
175
318
511
349
161
207
150
238
181
296
396
417
22
349
129
489
424
174
264
213
96
57
22
389
96
85
364
239
241
455
60
361
111
116
122
136
35
142
78
46
122
167
173
168
274
239
220
82
47
184
49
829
35
104
629
246
175
348
118
325
169
558
182
479
122
220
82
7
62
113
299
22
341
401
29
220
67
259
636
393
236
79
153
58
114
619
115
41
456
65
30
582
84
251
3
582
86
971
117
170
921
4
52
326
198
41
536
327
269
9
279
27
25
140
740
581
77
581
76
269
9
405
114
770
115
16
452
14
83
85
345
25
256
277
707
101
74
50
104
636
409
225
488
385
22
389
109
3
19
548
50
97
94
276
385
17
30
398
552
95
21
113
337
167
159
64
644
1556
464
262
75
187
202
347
74
84
205
76
258
518
13
21
159
46
125
39
81
383
575
19
443
210
612
49
727
285
322
56
486
296
390
139
281
81
392
199
129
606
1610
518
10
51
154
92
65
29
181
268
0
7
33
344
18
200
182
419
61
15
275
322
62
73
21
176
524
79
133
265
225
459
123
370
6
2
211
1
95
586
134
361
120
20
50
85
382
520
36
162
272
117
215
198
70
121
61
1227
135
963
97
104
520
31
66
62
103
379
271
66
105
54
105
34
25
222
163
383
573
5
180
168
266
340
332
9
673
261
53
31
28
66
138
177
15
264
187
226
960
91
5
275
293
164
15
190
22
214
140
695
28
99
616
85
426
263
142
49
8
167
184
61
1
67
256
275
311
64
390
126
56
343
722
230
165
37
430
531
193
138
152
19
471
4
28
141
10
744
870
211
14
57
64
349
144
203
571
756
43
164
10
67
181
257
331
723
237
127
131
52
602
543
1127
35
101
43
112
222
151
485
263
142
77
898
438
90
1127
34
34
28
164
681
413
465
297
563
300
64
324
115
25
225
609
21
156
273
181
303
155
200
158
801
393
231
296
439
112
207
172
74
79
173
183
829
34
19
367
372
43
220
65
5
281
107
180
172
99
474
32
156
300
64
334
59
314
190
33
281
116
105
15
236
82
30
512
425
196
544
6
622
145
388
82
54
145
431
689
1100
8
162
243
33
508
252
49
678
347
86
24
86
591
211
7
65
29
196
561
235
28
114
1
99
522
60
409
227
55
174
276
370
10
762
74
66
81
643
803
419
67
210
582
93
185
86
5
181
320
2
301
97
118
314
179
118
413
481
163
403
73
1241
149
145
420
91
4
56
335
107
182
589
181
274
236
70
85
277
580
69
24
105
44
406
137
71
232
409
221
99
334
71
141
4
81
736
454
47
262
93
213
84
194
250
717
177
8
157
370
1048
408
198
57
1690
598
367
422
128
232
315
210
488
373
69
14
132
133
239
225
427
275
315
236
65
893
382
533
248
334
61
15
252
30
692
10
11
99
409
257
321
22
219
31
88
196
815
829
35
115
36
212
31
102
142
52
384
5
181
300
53
15
232
333
36
160
84
227
43
206
112
169
540
523
71
235
29
349
149
172
73
627
205
80
208
281
105
40
289
39
108
369
825
22
233
576
29
382
449
534
264
181
349
156
279
19
621
137
119
507
238
176
826
24
96
58
79
159
56
466
371
17
51
166
103
269
17
42
96
57
52
587
145
475
46
45
1099
7
45
734
401
31
66
107
212
50
56
542
840
76
243
38
2
360
78
66
97
123
294
239
243
42
98
288
16
1018
266
307
478
104
670
216
292
164
739
557
175
324
114
451
1197
105
25
127
161
159
66
133
194
251
16
573
1
93
220
72
279
24
36
313
129
530
188
319
1027
301
79
178
88
192
103
221
94
369
863
172
113
288
18
142
67
180
243
36
208
231
284
251
10
28
126
95
565
365
249
387
66
80
219
22
239
278
2
283
179
112
157
432
1134
