267
833
101
172
3246
2239
2209
686
5551
2603
4973
501
735
829
5381
814
1465
1173
951
218
1571
1100
2406
2493
2514
6354
454
2956
756
5426
1160
208
430
9819
1517
1112
18681
10379
2077
1412
1076
354
1062
3305
264
511
1820
2229
1553
221
2131
571
1374
2079
1529
2162
2189
83
874
279
2812
34
915
391
2338
4834
3021
4216
1012
1832
3977
576
1973
71
4236
1313
1017
2646
890
1518
1161
263
414
1169
671
1389
7014
58
869
7
664
644
2280
437
531
545
2236
1956
2864
1314
1118
296
989
128
336
3245
2194
206
259
151
96
4075
2630
444
1137
1669
371
32
737
946
8311
9
846
964
1095
1816
1892
3131
3038
61
1291
5786
523
45
3519
1766
3202
838
374
202
7242
554
7896
2728
442
984
5294
262
372
85
1090
1293
14
1599
5338
525
156
480
1937
1290
5005
756
5467
1531
2310
1618
643
2089
2252
3704
2665
1626
1077
401
58
902
3771
290
347
432
159
819
2125
375
301
1683
1036
444
1195
3903
3937
105
527
289
291
476
1292
7343
800
317
310
4304
3061
483
2400
2079
1495
74
5
450
2008
1463
1051
1541
4216
1002
920
730
409
695
438
602
1127
837
326
1117
216
1294
56
658
260
171
2966
1016
2375
862
3198
737
953
347
364
2802
4738
1224
1348
298
1167
586
5862
933
2051
332
2040
15692
7390
921
816
1651
3839
1415
1266
1080
574
1746
1233
2420
4334
5051
1186
2108
5819
694
381
813
1292
7392
926
1212
553
5383
824
2945
492
23
5445
1322
1731
515
2635
569
1159
171
3057
396
3918
5834
776
1282
2755
1208
344
179
206
232
172
3417
4784
1896
3881
2673
2022
2641
754
3987
713
2424
5278
175
5295
272
1523
1542
4765
1583
2055
448
1748
1378
2588
2783
2531
318
366
3320
503
877
445
1281
2575
1874
1445
165
1554
254
4210
921
786
2735
618
5300
296
995
427
4689
687
6576
1392
39
1704
2847
793
6371
515
2759
1341
8823
522
6296
256
5451
1380
2886
2296
1001
854
1796
702
976
2538
502
835
199
3836
1361
993
304
2106
4770
1659
12
1309
795
45
3696
2321
2339
5085
1576
1436
4518
2125
394
3097
1414
1180
1545
6870
3947
213
945
5593
3476
740
1259
588
27
269
1073
167
2027
3211
1047
1243
5223
5482
1692
1659
15702
7400
947
32
239
746
90
153
2905
2003
1977
614
4967
2329
4449
449
658
742
4815
729
1311
1050
851
195
1405
984
2153
2231
2250
5685
406
2645
677
4855
1038
186
385
8785
1357
995
16715
9287
1858
1264
963
317
950
2957
236
457
1629
1994
1389
198
1906
511
1229
1860
1368
1935
1959
74
782
249
2516
30
818
350
2092
4325
2703
3773
905
1639
3559
515
1766
63
3790
1175
910
2367
796
1358
1039
235
370
1046
601
1243
6275
52
778
6
594
576
2040
391
475
487
2000
1750
2562
1176
1001
265
885
115
301
2904
1963
185
232
135
86
3646
2353
397
1018
1493
332
29
659
847
7436
8
757
863
980
1625
1692
2802
2718
55
1155
5177
468
40
3149
1580
2865
750
334
181
6480
496
7065
2441
396
881
4736
234
333
76
975
1157
12
1430
4776
470
139
430
1733
1154
4478
677
4891
1370
2066
1448
575
1869
2015
3314
2385
1455
964
359
52
807
3374
259
311
387
142
733
1901
335
270
1506
927
397
1069
3492
3523
94
472
258
260
426
1156
6570
716
284
277
3851
2739
432
2148
1860
1338
66
5
402
1796
1309
940
1379
3772
897
823
653
366
622
392
538
1009
749
291
999
193
1158
50
589
232
153
2654
909
2125
771
2861
659
853
310
326
2507
4239
1095
1206
266
1045
524
5245
835
1835
297
1825
14040
6612
824
730
1477
3435
1266
1133
967
514
1562
1103
2165
3878
4519
1061
1886
5207
621
341
727
1156
6614
828
1084
495
4816
737
2635
440
20
4872
1183
1549
461
2357
509
1037
153
2735
355
3506
5220
694
1147
2465
1081
308
160
184
208
154
3057
4281
1696
3473
2392
1810
2363
675
3568
638
2168
4722
156
4738
244
1363
1380
4263
1416
1838
401
1564
1233
2316
2490
2265
285
327
2970
450
785
398
1146
2304
1676
1293
147
1390
227
3767
824
703
2448
553
4742
265
890
382
4195
615
5884
1245
35
1524
2547
710
5701
461
2468
1200
7895
467
5633
229
4877
1234
2582
2055
896
764
1607
628
873
2271
450
747
178
3433
1218
888
272
1884
4268
1484
11
1172
712
40
3307
2076
2093
4550
1410
1285
4042
1902
353
2771
1265
1056
1383
6146
3532
191
845
5004
3110
662
1126
526
25
241
960
150
1814
2873
937
1112
4673
4905
1514
1484
14049
6621
848
29
677
4903
1493
329
4040
1839
407
2790
2030
115
343
916
4141
155
3515
13
1568
1553
635
1648
65
4832
854
396
865
1230
1910
656
553
4758
361
217
1086
581
3384
401
1531
3879
4620
2609
6455
439
5940
1558
858
644
4186
528
141
576
2051
762
1310
991
4086
3304
1984
883
8233
805
2699
3282
1325
2486
2048
651
218
1151
3436
1296
263
702
2243
3754
646
5479
3266
961
223
2202
775
4651
3582
856
483
1375
2955
203
3608
1326
2634
424
939
1285
3770
865
1153
3855
2896
1625
1685
1965
240
886
172
1599
279
5846
1059
1639
3615
1458
1180
1312
1149
2927
3561
551
3378
310
308
198
1911
667
1796
1269
1382
5272
1001
275
2630
342
855
441
98
969
653
379
2524
182
40
2875
976
1228
1724
729
1372
2314
2366
765
1630
2162
3284
1366
1714
321
1492
298
2165
3745
539
1043
434
2747
609
2708
4825
804
2489
2240
3182
3196
4956
2166
4060
2339
86
3591
1006
549
2861
664
1335
6602
797
1434
27
495
4876
1219
963
301
2765
1062
2032
160
176
2580
1935
2020
4541
1308
872
2044
519
2640
555
7656
228
3876
4256
1318
1671
956
5984
1842
529
219
1292
113
121
905
1604
467
7542
114
247
1900
288
680
52
758
890
380
3089
296
1659
451
863
1049
792
960
150
1848
768
2104
157
7797
369
929
529
204
4235
1036
68
179
3773
913
3092
344
1048
731
1637
3192
4264
1429
4309
2276
586
43
7253
3773
911
2461
949
2594
2935
5054
5396
2021
4673
4937
1884
4135
111
8213
785
431
2020
4521
1085
514
1618
1197
4741
262
608
2317
2607
5137
277
3816
1676
1244
8415
987
2719
75
908
1991
1201
30
827
940
1383
6979
2034
233
220
1574
2045
557
124
1376
3097
422
735
2294
1204
156
4477
669
2049
671
2523
157
5714
508
905
1545
312
454
1276
2065
1377
3220
202
3295
1688
2227
1938
2279
659
848
60
2171
5992
1895
149
1740
1602
418
423
849
101
1421
2323
3248
624
551
3292
1576
2224
1744
1956
12
1457
1069
3705
118
567
930
604
1709
169
1039
241
937
1066
2740
449
737
2716
19
3830
2022
5356
1631
2218
1439
201
2833
140
450
768
2213
1187
2004
2010
2592
2732
298
2067
1489
177
2787
1884
4245
1171
691
858
608
2413
3765
798
1566
1373
2587
2356
461
2564
1226
1507
972
870
1822
5101
120
813
50
542
1391
247
1994
1353
746
118
549
2879
1100
1711
241
1019
1674
1148
2588
2457
818
311
396
881
4995
2877
1037
111
6747
1203
111
7419
8902
1473
2693
2695
2888
1346
415
173
1707
101
1454
923
167
901
1197
4688
7660
231
100
1200
2
124
1313
1201
35
1685
1955
6782
1310
1020
1739
1515
1549
447
551
3327
3075
95
623
470
129
2687
2292
1114
7543
115
274
2549
752
447
504
507
776
5768
719
510
1152
3511
7273
3992
1020
1799
1509
1145
2199
687
531
336
281
78
1312
1161
155
3402
651
221
1715
378
2469
1220
1043
452
949
2677
1759
4442
398
1121
282
126
1858
1214
675
3917
207
65
7046
2341
125
1513
1397
540
1156
7183
3165
2201
763
1472
2494
2618
118
609
2556
962
230
6
507
837
2144
1621
1365
1619
1271
1538
51
725
964
378
2269
398
1159
68
202
3316
2464
1045
546
2056
965
395
818
300
2507
4261
1384
8344
916
3869
3723
292
1062
2097
9840
2412
3706
127
1923
1234
2473
1389
189
642
3290
1543
213
584
5194
557
111
6857
1562
1103
2176
57
1577
2404
2709
5016
3447
1562
1091
885
98
978
1366
1679
1432
5975
1781
595
721
646
5892
1289
6677
1001
266
944
1852
944
1802
1671
994
6523
599
1086
610
2973
502
373
1401
751
403
1896
184
159
71
409
3989
979
1481
4837
893
584
5673
363
382
3696
32
1136
1222
1168
484
1386
75
915
3500
4274
1577
2374
1015
1204
147
1269
1377
3386
428
1435
74
803
2231
2282
780
139
383
4243
1136
1172
755
705
2950
114
223
2083
2776
1433
9044
1616
1081
338
519
2577
1795
1223
1271
1495
419
497
75
879
3859
3120
856
501
298
2024
6476
487
1991
1235
2751
708
3918
209
227
3701
73
659
865
1216
792
958
61
2505
3834
2135
1162
234
318
1123
377
2228
2040
378
2377
1130
783
280
12718
5290
1123
342
831
1329
3199
5652
292
1133
970
706
3377
309
211
403
1970
384
5858
1119
178
3454
1737
1400
688
625
613
4161
307
81
1836
320
1304
664
1303
600
1103
2137
1258
612
3442
1444
412
33
1189
2378
1175
956
7745
316
921
87
5365
1710
202
3366
170
1214
657
631
1186
1887
5476
3185
3392
504
541
1287
4967
2339
70
356
4079
2988
799
1643
4896
1412
1452
768
2203
831
1361
1253
368
789
683
234
263
682
220
1491
260
397
1020
1720
533
551
3587
926
322
1750
2519
87
4891
1368
1842
535
647
14
1804
1805
1968
343
952
3422
1000
262
599
1080
264
806
3041
2711
5959
1679
1452
779
78
1257
596
779
78
1260
733
1932
1743
1862
1482
5715
514
1607
625
636
1857
1194
3500
4340
3222
237
536
770
2503
3573
707
3580
812
22
49
453
1146
2354
430
1761
5362
1684
1840
459
1936
2054
867
1429
4387
30
768
2133
1071
4236
1050
849
103
1690
2482
1807
2074
1908
574
1662
542
1422
2495
2706
4202
682
215
840
2860
642
3240
489
2319
2840
250
2820
5553
7276
4027
1585
4026
1565
1283
3236
441
101
1411
1366
1717
442
127
2030
102
1591
21
6901
1719
502
374
1592
45
96
666
1620
1279
2475
1448
571
1308
857
558
177
2753
750
325
2254
42
4945
2000
1719
514
1638
3295
1683
1798
1445
442
157
6366
241
963
319
1219
985
2301
1522
2249
5179
481
1047
654
470
150
1888
6854
1549
478
731
1643
4849
989
3245
571
1315
1375
2880
1116
25
274
2540
531
346
1375
2905
2038
332
39
2832
120
793
1021
1856
1142
1714
336
313
566
756
740
3462
2012
2866
761
1218
931
611
3138
1266
1099
1577
2429
131
3240
498
92
293
1248
166
720
533
486
1778
470
175
2237
2789
1943
2774
1350
581
3404
693
974
1005
505
597
841
3087
277
3708
137
238
627
815
130
2733
323
1852
924
234
263
679
0
31
950
2971
471
181
5654
296
1684
1819
4038
1797
1328
3093
365
494
4297
2002
1883
3944
453
1170
599
1046
582
3876
4292
1912
722
715
199
2178
96
697
1473
2584
2172
6931
1837
342
824
723
764
1548
415
193
1148
2688
2338
51
725
972
873
2211
1133
990
3389
469
97
874
2415
4168
373
1343
282
135
38
2457
813
58
1837
350
1946
3332
3482
2844
318
1146
2229
2070
1625
1697
3735
427
1334
5503
3856
2962
309
257
180
4278
1654
245
1605
527
73
673
3126
992
4675
5120
202
3261
858
642
3042
2782
1665
703
2346
237
552
3842
2410
3372
241
1026
2766
1098
1460
1259
684
316
898
913
2907
2133
1107
2702
3574
731
1621
1356
928
451
899
1011
881
5206
619
221
1739
1510
1150
3091
327
2960
269
1471
2304
1673
1112
4620
2608
5621
188
571
1340
163
434
2794
2243
3721
274
2445
489
2303
1624
1618
1178
1176
1012
948
2419
5575
46
161
216
998
130
3004
1195
3561
541
1301
496
6424
368
839
2511
5592
95
608
2452
672
2576
1734
1251
303
4068
2591
2668
1374
2710
5406
2135
1185
1819
3964
676
4356
4075
2841
260
367
747
188
578
2394
1922
1146
2274
518
2321
3079
153
2742
506
725
906
1775
372
1322
2105
172
1565
1307
806
2962
309
262
595
684
287
495
5512
4154
256
70
377
2102
99
1072
4794
587
148
1514
1449
642
3090
315
768
2127
850
168
994
5955
1652
178
3499
4206
721
593
543
1581
2941
8705
1277
2256
74
746
91
214
721
651
248
2163
3407
739
3312
2276
570
1203
117
480
929
523
4654
3716
223
2067
1491
230
8473
1045
541
1357
957
9300
1872
2212
1143
1934
1898
232
115
289
697
1478
3797
1305
672
2810
3493
3596
1094
1166
398
1152
3776
952
3605
1251
285
329
4209
746
107
3068
7
693
1047
676
4185
515
1748
2356
474
407
2856
554
6397
309
233
239
809
4326
2724
151
2014
3038
2518
70
327
3132
1121
278
4475
652
306
2
139
391
477
703
2419
5741
611
3417
913
3080
172
1481
4654
3725
310
334
167
830
1200
10365
2937
5450
2718
61
2722
128
2213
1194
3247
611
3423
1022
2020
4278
1642
4521
1085
547
2354
429
1674
1156
5960
1680
1534
5621
188
579
2841
263
665
1512
1344
304
4908
1539
82
2277
617
100
1239
3549
397
1050
879
3989
981
1734
1213
580
3126
973
948
2466
1112
4323
2639
536
766
1879
3091
338
456
1475
2985
742
4976
2489
2211
1110
3692
9871
2443
439
7740
312
517
2084
2867
789
702
2188
358
7232
3575
742
4479
690
754
619
215
846
6857
1562
1117
103
1707
95
599
1080
281
98
878
3589
963
300
2475
1476
3066
7643
215
862
953
4161
311
427
1340
131
3531
185
285
340
628
867
1415
1678
1407
1113
4837
892
481
1121
263
712
80
1668
815
178
3287
1443
372
1289
6585
753
520
2813
3971
761
1194
3373
251
3072
58
1682
1675
1175
905
1549
458
1872
2267
326
2764
1035
51
687
511
1265
1077
142
675
3679
4449
447
563
506
678
6511
569
1129
703
2495
2663
1194
3351
8689
1261
773
3347
5882
1236
2825
16
2231
2245
4036
1772
249
2355
455
1421
2424
24
233
208
186
318
1079
220
1588
5321
1343
254
5660
317
1015
1211
474
399
1324
2362
637
1920
1064
2429
124
1395
421
710
6714
1106
2567
1356
901
1190
2549
753
556
82
2264
267
1171
658
761
1188
2242
3411
807
3345
5373
1790
973
969
655
484
1384
10204
2776
1416
1761
5684
403
1860
1350
613
4423
259
325
2423
12
1441
303
4137
124
1318
1620
1312
1104
2202
771
2751
697
1450
671
2495
2717
30
803
2266
300
2642
612
3563
579
2642
607
2159
2828
55
1286
4578
1804
1839
438
4819
762
1283
3330
3309
2162
3329
3237
445
370
1048
748
222
1891
56
1484
14904
7476
47
330
4985
2671
1492
298
2039
359
64
4381
9489
2060
1147
2492
2425
43
5880
1226
1489
173
1683
1766
88
5905
1362
1306
777
6853
1547
380
2911
2322
3084
219
1356
921
80
1655
275
2799
2543
603
1471
2378
1157
11393
3965
688
581
3406
723
766
1821
4432
324
2086
3168
2326
3672
3745
544
1659
454
1223
1283
3286
1432
6655
940
1335
7463
35
1673
1067
2885
1260
760
1153
4163
323
1961
118
567
841
2970
454
1248
137
175
2218
1417
1882
3621
1606
585
7759
331
5802
862
891
444
284
250
2793
2181
190
739
3209
70
367
713
91
185
256
70
313
539
1116
30
772
2954
177
2792
2135
1169
586
77
1140
1585
4104
4609
2355
441
78
1278
2419
5432
2453
701
1938
2286
910
2343
164
495
6064
2496
2757
845
4910
1562
1086
595
695
1224
1311
1040
294
1381
4836
883
13
1493
317
1002
334
184
157
7196
3266
960
156
4335
3028
2028
57
1553
651
243
1237
3103
532
410
4257
1326
2621
176
2455
746
132
3871
3875
4232
1005
524
5142
303
3656
2782
1658
403
1813
2742
505
631
1147
2443
450
771
2747
605
1795
1265
1066
2806
3114
733
1856
1121
256
72
530
268
1255
476
567
865
1154
4342
3290
1526
2802
2749
651
218
1152
3656
2772
1274
1859
1285
4107
4935
1865
1641
4205
711
7955
527
90
170
1272
1665
691
833
1549
480
992
4197
632
1251
291
946
2074
1946
3287
1444
409
3610
1364
1480
4336
3068
5
500
244
1353
770
2586
2301
1531
3866
3498
3996
1084
460
2137
1269
1323
2117
497
66
26
420
555
8724
1296
276
3198
5449
2702
3605
1254
406
2543
613
4312
2335
11839
4411
183
143
848
27
507
785
393
623
449
663
1189
2366
758
946
2161
3084
229
6085
2709
5134
265
825
823
614
5233
764
1585
3924
263
644
4139
141
573
1617
1119
163
388
248
2116
469
80
1661
528
150
1980
718
390
330
5324
1368
1881
3542
312
515
1807
2061
1149
2863
703
2390
1690
2467
1143
1911
665
1405
982
1901
319
1295
233
188
545
1937
2181
186
379
2543
608
2492
2447
528
191
888
242
1110
3570
671
2390
1689
2309
1997
1544
260
356
4443
406
2477
1546
335
230
18
3251
680
74
761
1247
120
772
2953
170
1224
1349
520
2929
3843
2427
79
1473
2649
794
1129
724
874
2477
1575
2206
918
5390
1959
86
3799
1342
243
1323
2134
1121
282
114
185
298
2093
4585
1910
656
624
572
1398
557
147
1340
134
6951
1918
974
1009
792
960
137
171
1453
834
1761
5812
904
1490
192
947
2265
293
1253
387
129
2460
915
3711
176
2585
2211
1133
950
3044
2886
1300
443
207
94
501
281
32
1085
557
148
1433
8355
927
416
298
2173
12542
5114
177
2851
442
168
1011
888
278
4045
1965
246
1672
1020
1806
2017
3649
2452
679
3
214
740
3583
870
1795
1224
1311
1040
254
5441
2593
2863
688
564
635
1641
4055
2199
679
40
3039
2576
1718
490
2725
182
38
2269
391
481
1067
3094
377
2224
1740
1605
522
3940
416
302
3539
267
1118
127
2018
3841
2368
806
3064
6334
173
1743
1874
2411
3443
1468
2000
1735
1278
2418
5225
720
581
3606
1269
1339
91
194
1303
590
280
7918
490
2653
899
984
2170
5555
7997
569
1089
763
1379
3842
2413
3737
450
807
3326
3053
3662
3061
4963
2267
337
385
8860
1432
6387
286
489
2293
1182
1471
2371
913
3083
216
907
1839
420
590
278
4032
1685
1927
1445
445
376
1871
2170
5513
4193
596
781
185
246
1725
780
144
857
542
1399
617
73
670
2257
92
269
1440
259
338
471
207
114
264
749
254
5007
3183
3236
428
1424
2776
1420
2234
2527
249
2493
2541
551
3416
892
467
7520
92
316
827
928
463
3136
1228
1746
2134
1124
420
558
203
3827
1962
153
2812
3805
1461
1367
1819
3891
7575
147
1304
646
5689
418
418
442
168
922
109
3824
1883
3897
34
1333
4387
32
1073
7164
3032
2201
761
1243
6808
1394
375
1765
37
2048
650
162
321
1484
13
1664
633
1381
4758
361
233
191
914
3183
3222
229
5066
7488
60
2306
1788
881
4762
383
4917
1643
5206
619
183
79
1585
3913
168
981
1759
4460
530
297
1924
1259
703
2326
3825
1903
392
536
741
4407
158
51
700
1793
1116
28
566
792
946
2082
2575
1681
1626
1772
253
4073
2753
745
47
256
66
15
1971
418
452
1042
388
194
1291
52
777
7442
14
1738
1482
5152
350
2125
770
2503
3584
879
3936
381
3151
1656
341
736
2456
784
374
1593
85
3466
2143
1588
5077
24
224
2468
1183
1581
3051
3477
2602
4066
2535
412
0
10
987
2702
3593
1035
23
109
3843
2428
105
2159
2839
237
588
159
67
109
4008
1259
654
411
6597
785
442
169
1034
0
1
70
342
818
306
33
1276
2136
1232
2179
125
1640
3783
1068
3257
787
567
872
2076
2080
2380
1251
272
1869
1955
6581
744
18
3096
404
2002
1873
2366
755
671
2416
4530
1174
871
1849
818
339
574
1761
5432
2459
866
1291
45
113
157
5049
4988
2725
172
1584
3759
714
161
266
1045
578
2426
58
1722
615
7462
34
1375
2779
1517
1738
1480
4419
237
562
448
594
594
597
851
214
733
1914
814
115
300
2543
599
1045
573
1549
447
544
1711
224
2462
965
390
393
613
4217
830
1232
2186
314
680
63
3249
643
3815
1660
487
1933
1832
201
2955
194
1221
1105
2477
1552
602
1399
607
2256
85
3036
2372
930
547
2208
1012
951
3071
42
4451
464
3477
2609
6012
2047
626
710
5549
6673
989
3212
96
681
132
3632
1899
274
2301
1527
2924
3275
1154
4305
2178
105
2366
753
542
1372
2316
2497
2892
1484
9919
2491
2330
