1377
119
373
45
77
1452
1002
988
307
2483
1165
2225
224
329
371
2407
364
655
525
425
98
703
492
1076
1115
1125
2843
203
1322
338
2427
519
93
192
4393
679
497
8357
4643
929
632
482
158
475
1479
118
228
814
997
695
99
953
256
615
930
684
967
979
37
391
125
1258
15
409
175
1046
2163
1352
1886
453
820
1779
257
883
32
1895
587
455
1184
398
679
520
117
185
523
300
622
3138
26
389
3
297
288
1020
196
237
244
1000
875
1281
588
500
133
443
57
150
1452
981
92
116
68
43
1823
1177
198
509
747
166
14
330
423
3718
4
379
431
490
813
846
1401
1359
27
577
2588
234
20
1574
790
1433
375
167
90
3240
248
3533
1221
198
440
2368
117
166
38
488
579
6
715
2388
235
70
215
866
577
2239
338
2446
685
1033
724
287
935
1008
1657
1192
728
482
179
26
404
1687
130
155
193
71
367
951
168
135
753
464
199
534
1746
1761
47
236
129
130
213
578
3285
358
142
139
1926
1369
216
1074
930
669
33
2
201
898
655
470
689
1886
448
412
326
183
311
196
269
504
375
146
500
97
579
25
294
116
76
1327
454
1062
386
1431
330
426
155
163
1253
2120
547
603
133
522
262
2622
418
918
148
913
7020
3306
412
365
739
1717
633
567
483
257
781
552
1083
1939
2259
530
943
2603
311
170
364
578
3307
414
542
247
2408
368
1317
220
10
2436
591
774
230
1179
255
519
77
1367
177
1753
2610
347
574
1233
540
154
80
92
104
77
1529
2140
848
1736
1196
905
1182
337
1784
319
1084
2361
78
2369
122
681
690
2132
708
919
201
782
616
1158
1245
1132
142
164
1485
225
392
199
573
1152
838
647
74
695
114
1883
412
352
1224
277
2371
133
445
191
2098
307
2942
623
17
762
1273
355
2850
231
1234
600
3947
233
2817
114
2439
617
1291
1027
448
382
804
314
437
1136
225
374
89
1716
609
444
136
942
2134
742
5
586
356
20
1653
1038
1046
2275
705
643
2021
951
176
1386
632
528
691
3073
1766
95
423
2502
1555
331
563
263
12
120
480
75
907
1437
469
556
2337
2453
757
742
7025
3311
424
14
338
2452
747
165
2020
919
203
1395
1015
58
171
458
2071
77
1757
7
784
776
317
824
32
2416
427
198
433
615
955
328
277
2379
181
109
543
290
1692
200
765
1940
2310
1305
3227
219
2970
779
429
322
2093
264
70
288
1026
381
655
496
2043
1652
992
441
4116
402
1350
1641
663
1243
1024
325
109
576
1718
648
132
351
1122
1877
323
2740
1633
481
112
1101
388
2326
1791
428
242
688
1478
101
1804
663
1317
212
470
642
1885
432
576
1927
1448
813
843
982
120
443
86
799
140
2923
529
820
1807
729
590
656
575
1463
1781
275
1689
155
154
99
955
334
898
635
691
2636
500
137
1315
171
428
221
49
484
327
189
1262
91
20
1437
488
614
862
365
686
1157
1183
382
815
1081
1642
683
857
160
746
149
1082
1872
269
521
217
1373
305
1354
2413
402
1245
1120
1591
1598
2478
1083
2030
1170
43
1796
503
275
1431
332
668
3301
399
717
14
247
2438
609
481
150
1382
531
1016
80
88
1290
968
1010
2271
654
436
1022
260
1320
277
3828
114
1938
2128
659
835
478
2992
921
264
109
646
56
60
453
802
234
3771
57
123
950
144
340
26
379
445
190
1544
148
830
225
432
524
396
480
75
924
384
1052
79
3899
185
465
264
102
2117
518
34
89
1887
457
1546
172
524
366
819
1596
2132
715
2155
1138
293
22
3626
1886
455
1231
474
1297
1468
2527
2698
1010
2337
2468
942
2068
55
4107
393
216
1010
2261
542
257
809
599
2371
131
304
1159
1303
2568
139
1908
838
622
4208
494
1360
38
454
995
600
15
413
470
692
3490
1017
117
110
787
1023
278
62
688
1548
211
368
1147
602
78
2238
334
1024
336
1261
78
2857
254
452
773
156
227
638
1033
688
1610
101
1648
844
1113
969
1139
330
424
30
1086
2996
947
75
870
801
209
211
425
51
710
1161
1624
312
275
1646
788
1112
872
978
6
728
535
1853
59
284
465
302
855
84
520
120
468
533
1370
225
369
1358
10
1915
1011
2678
815
1109
719
101
1417
70
225
384
1106
593
1002
1005
1296
1366
149
1034
745
88
1394
942
2123
586
346
429
304
1206
1883
399
783
687
1293
1178
231
1282
613
753
486
435
911
2550
60
406
25
271
695
124
997
676
373
59
275
1440
550
856
121
510
837
574
1294
1229
409
156
198
440
2497
1438
518
55
3373
601
55
3710
4451
737
1347
1348
1444
673
207
86
854
51
727
461
84
451
599
2344
3830
116
50
600
1
62
656
600
18
843
977
3391
655
510
869
758
774
224
275
1663
1537
48
312
235
65
1344
1146
557
3771
57
137
1274
376
223
252
253
388
2884
360
255
576
1756
3636
1996
510
900
755
573
1100
344
265
168
141
39
656
580
77
1701
325
111
858
189
1234
610
522
226
474
1339
879
2221
199
561
141
63
929
607
338
1959
103
33
3523
1171
62
757
699
270
578
3591
1583
1101
382
736
1247
1309
59
304
1278
481
115
3
254
419
1072
810
683
810
636
769
26
363
482
189
1135
199
579
34
101
1658
1232
522
273
1028
482
198
409
150
1253
2130
692
4172
458
1935
1861
146
531
1049
4920
1206
1853
63
962
617
1237
695
95
321
1645
771
106
292
2597
278
55
3429
781
552
1088
28
789
1202
1355
2508
1724
781
545
442
49
489
683
839
716
2988
891
298
361
323
2946
644
3339
500
133
472
926
472
901
836
497
3262
300
543
305
1486
251
186
701
376
201
948
92
79
35
205
1994
489
741
2418
447
292
2837
182
191
1848
16
568
611
584
242
693
38
457
1750
2137
788
1187
507
602
73
635
689
1693
214
718
37
401
1116
1141
390
69
191
2121
568
586
378
353
1475
57
111
1042
1388
717
4522
808
541
169
259
1289
897
612
635
748
209
249
37
440
1930
1560
428
250
149
1012
3238
244
996
618
1376
354
1959
104
114
1850
37
330
433
608
396
479
30
1252
1917
1067
581
117
159
562
189
1114
1020
189
1189
565
391
140
6359
2645
561
171
415
664
1599
2826
146
567
485
353
1689
154
105
202
985
192
2929
560
89
1727
868
700
344
312
306
2080
153
40
918
160
652
332
652
300
552
1068
629
306
1721
722
206
16
595
1189
588
478
3872
158
461
44
2682
855
101
1683
85
607
328
316
593
943
2738
1592
1696
252
270
644
2484
1169
35
178
2039
1494
399
821
2448
706
726
384
1102
416
680
626
184
394
341
117
132
341
110
746
130
198
510
860
267
276
1793
463
161
875
1260
44
2446
684
921
267
324
7
902
903
984
171
476
1711
500
131
300
540
132
403
1521
1356
2980
839
726
390
39
629
298
390
39
630
367
966
872
931
741
2858
257
804
313
318
929
597
1750
2170
1611
118
268
385
1251
1786
353
1790
406
11
24
227
573
1177
215
880
2681
842
920
229
968
1027
434
715
2193
15
384
1066
535
2118
525
425
51
845
1241
903
1037
954
287
831
271
711
1248
1353
2101
341
108
420
1430
321
1620
244
1160
1420
125
1410
2776
3638
2014
793
2013
782
641
1618
221
51
706
683
859
221
64
1015
51
795
11
3450
859
251
187
796
22
48
333
810
639
1237
724
285
654
428
279
88
1376
375
162
1127
21
2473
1000
860
257
819
1648
842
899
722
221
79
3183
120
482
159
610
492
1150
761
1124
2590
240
523
327
235
75
944
3427
775
239
366
821
2425
495
1622
286
658
688
1440
558
12
137
1270
265
173
688
1453
1019
166
20
1416
60
397
510
928
571
857
168
156
283
378
370
1731
1006
1433
381
609
465
305
1569
633
549
789
1215
65
1620
249
46
147
624
83
360
266
243
889
235
88
1118
1394
971
1387
675
290
1702
346
487
502
252
298
421
1544
139
1854
69
119
314
407
65
1367
161
926
462
117
132
339
0
16
475
1486
235
90
2827
148
842
910
2019
898
664
1547
182
247
2148
1001
941
1972
227
585
299
523
291
1938
2146
956
361
357
99
1089
48
349
736
1292
1086
3466
918
171
412
361
382
774
207
97
574
1344
1169
26
363
486
436
1106
567
495
1695
235
49
437
1207
2084
186
672
141
67
19
1228
407
29
918
175
973
1666
1741
1422
159
573
1114
1035
813
849
1868
213
667
2751
1928
1481
155
129
90
2139
827
123
802
263
37
337
1563
496
2338
2560
101
1630
429
321
1521
1391
833
351
1173
118
276
1921
1205
1686
121
513
1383
549
730
630
342
158
449
456
1454
1067
553
1351
1787
366
810
678
464
226
450
505
441
2603
310
111
869
755
575
1545
164
1480
135
735
1152
837
556
2310
1304
2810
94
286
670
82
217
1397
1122
1861
137
1223
244
1151
812
809
589
588
506
474
1210
2788
23
80
108
499
65
1502
597
1780
271
651
248
3212
184
419
1255
2796
48
304
1226
336
1288
867
626
152
2034
1295
1334
687
1355
2703
1068
593
910
1982
338
2178
2037
1420
130
184
374
94
289
1197
961
573
1137
259
1161
1539
77
1371
253
362
453
888
186
661
1052
86
783
653
403
1481
155
131
298
342
143
248
2756
2077
128
35
188
1051
49
536
2397
294
74
757
725
321
1545
158
384
1064
425
84
497
2978
826
89
1750
2103
360
297
272
790
1470
4353
639
1128
37
373
46
107
361
326
124
1081
1704
370
1656
1138
285
601
58
240
465
262
2327
1858
111
1034
745
115
4236
522
271
678
478
4650
936
1106
572
967
949
116
57
144
349
739
1899
652
336
1405
1747
1798
547
583
199
576
1888
476
1802
626
142
165
2104
373
54
1534
4
347
524
338
2092
257
874
1178
237
203
1428
277
3199
154
117
120
405
2163
1362
75
1007
1519
1259
35
164
1566
561
139
2237
326
153
1
70
196
239
133
417
50
86
1623
1120
1105
343
2775
1302
2486
251
368
415
2691
407
733
587
475
109
785
550
1203
1247
1257
3177
227
1478
378
2713
580
104
215
4909
758
556
9341
5190
1039
706
538
177
531
1653
132
255
910
1115
776
110
1065
286
687
1040
765
1081
1095
41
437
139
1406
17
457
196
1169
2417
1511
2108
506
916
1989
288
987
35
2118
656
509
1323
445
759
581
131
207
584
336
695
3507
29
435
4
332
322
1140
219
265
272
1118
978
1432
657
559
148
495
64
168
1623
1097
103
130
76
48
2038
1315
222
569
834
186
16
368
473
4155
4
423
482
548
908
946
1566
1519
30
645
2893
262
22
1760
883
1601
419
187
101
3621
277
3948
1364
221
492
2647
131
186
42
545
647
7
799
2669
263
78
240
968
645
2502
378
2733
765
1155
809
321
1045
1126
1852
1333
813
539
200
29
451
1885
145
174
216
80
410
1062
187
151
841
518
222
597
1952
1969
52
264
144
146
238
646
3672
400
159
155
2152
1530
241
1200
1039
748
37
3
225
1004
732
525
770
2108
501
460
365
205
348
219
301
564
419
163
558
108
647
28
329
130
85
1483
508
1187
431
1599
368
477
173
182
1401
2369
612
674
149
584
293
2931
467
1026
166
1020
7846
3695
461
408
825
1919
708
633
540
287
873
617
1210
2167
2525
593
1054
2910
347
190
406
646
3696
463
606
276
2691
412
1472
246
11
2722
661
866
257
1317
285
580
86
1528
198
1959
2917
388
641
1378
604
172
89
103
116
86
1708
2392
948
1941
1337
1011
1321
377
1994
357
1212
2639
87
2648
136
761
771
2382
792
1027
224
874
689
1294
1391
1266
159
183
1660
251
439
222
640
1287
937
723
82
777
127
2105
460
393
1368
309
2650
148
497
214
2344
343
3288
696
19
852
1423
397
3186
258
1379
670
4412
261
3148
128
2726
690
1443
1148
501
427
898
351
488
1269
251
418
100
1918
681
496
152
1053
2385
829
6
655
398
23
1848
1160
1169
2543
788
718
2259
1063
197
1549
707
590
773
3435
1974
107
472
2797
1738
370
629
294
14
135
536
84
1013
1606
524
622
2611
2741
846
829
7851
3700
474
16
378
2740
834
184
2257
1027
227
1559
1134
64
191
512
2314
86
1964
7
876
868
355
921
36
2700
477
221
484
687
1068
366
309
2659
202
121
607
325
1891
224
856
2168
2582
1458
3607
245
3319
870
480
360
2339
295
79
322
1146
426
732
554
2283
1846
1109
493
4601
450
1508
1834
741
1389
1144
364
122
643
1920
724
147
392
1254
2098
361
3062
1825
537
125
1230
433
2599
2002
478
270
769
1652
113
2016
741
1472
237
525
718
2107
483
644
2154
1618
908
942
1098
134
495
96
893
156
3267
592
916
2020
815
659
733
642
1636
1990
308
1887
173
172
111
1068
373
1003
709
772
2946
559
154
1470
191
478
247
55
541
365
212
1410
102
22
1606
546
686
964
407
766
1293
1322
427
911
1208
1835
764
958
179
834
167
1210
2093
301
583
243
1535
341
1514
2696
449
1391
1252
1778
1786
2770
1211
2269
1307
48
2007
562
307
1599
371
746
3689
445
801
15
276
2725
681
538
168
1545
593
1135
89
99
1442
1082
1129
2538
731
487
1142
290
1475
310
4278
127
2166
2379
737
934
534
3344
1029
296
122
722
63
67
506
896
261
4215
64
138
1062
161
380
29
423
497
213
1726
165
927
252
482
586
443
536
84
1033
429
1176
88
4357
206
519
295
114
2366
579
38
100
2109
510
1728
192
586
409
915
1784
2383
799
2408
1272
327
24
4053
2108
509
1375
530
1450
1640
2824
3015
1129
2612
2759
1053
2311
62
4590
439
241
1129
2527
606
287
904
669
2650
147
340
1295
1457
2870
155
2132
936
695
4703
552
1520
42
507
1112
671
17
462
525
773
3900
1137
130
123
880
1143
311
69
769
1730
236
411
1282
673
87
2502
374
1145
375
1410
88
3193
284
505
864
174
254
713
1154
769
1799
113
1842
943
1244
1083
1273
368
474
33
1213
3348
1059
83
972
895
234
236
474
57
794
1298
1815
349
308
1839
880
1243
975
1093
7
814
598
2071
66
317
520
338
955
94
581
134
523
596
1531
251
412
1518
11
2140
1130
2993
911
1239
804
112
1583
78
251
429
1236
663
1120
1123
1448
1527
167
1155
832
99
1558
1053
2372
655
386
479
340
1348
2104
446
875
767
1446
1316
258
1433
685
842
543
486
1018
2850
67
454
28
303
777
138
1114
756
417
66
307
1609
615
956
135
570
936
641
1446
1373
457
174
221
492
2791
1608
579
62
3770
672
62
4146
4974
823
1505
1506
1614
752
232
97
954
57
813
516
94
504
669
2620
4280
129
56
671
1
69
734
671
20
942
1092
3790
732
570
972
847
865
250
308
1859
1718
53
348
263
72
1502
1281
623
4215
64
153
1424
420
250
281
283
434
3223
402
285
644
1962
4064
2231
570
1006
844
640
1229
384
296
188
157
44
733
649
86
1901
364
124
959
211
1380
682
583
252
530
1496
983
2482
222
627
158
71
1038
679
377
2189
115
37
3937
1308
70
846
781
302
646
4014
1769
1230
427
823
1394
1463
66
340
1428
537
129
3
284
468
1198
906
763
905
710
859
29
405
539
211
1268
222
647
38
113
1853
1377
584
305
1149
539
221
457
168
1401
2381
773
4663
512
2162
2080
163
594
1172
5499
1348
2071
71
1075
689
1382
776
106
359
1839
862
119
326
2903
311
62
3832
873
617
1216
32
881
1344
1514
2803
1926
873
609
494
55
546
763
938
800
3339
995
333
403
361
3293
720
3731
559
148
528
1035
527
1007
934
556
3645
335
607
341
1661
280
208
783
420
225
1060
103
89
39
229
2229
547
828
2703
499
326
3170
203
213
2066
18
635
683
652
270
775
42
511
1956
2388
881
1327
567
673
82
709
770
1892
239
802
41
449
1247
1275
436
78
214
2371
635
655
422
394
1648
64
125
1164
1551
801
5054
903
604
189
290
1440
1003
684
710
836
234
278
42
491
2157
1744
478
280
166
1131
3619
272
1113
690
1537
395
2189
117
127
2068
41
368
484
680
443
535
34
1400
2142
1193
650
131
178
628
211
1245
1140
211
1328
632
437
157
7107
2956
627
191
464
743
1787
3159
163
633
542
395
1887
172
118
225
1101
215
3274
625
100
1930
971
782
385
349
343
2325
171
45
1026
179
729
371
728
335
617
1194
703
342
1924
807
230
18
665
1329
657
534
4328
177
515
49
2998
956
113
1881
95
678
367
353
663
1054
3060
1780
1895
282
302
719
2776
1307
39
199
2279
1670
446
918
2736
789
811
429
1231
464
760
700
206
441
382
131
147
381
123
833
145
222
570
961
298
308
2004
517
180
978
1408
49
2733
764
1029
299
362
8
1008
1009
1100
192
532
1912
559
147
335
603
148
451
1700
1515
3330
938
811
435
43
703
333
435
43
704
410
1080
974
1041
828
3194
287
898
349
356
1038
667
1956
2425
1801
132
300
430
1399
1996
395
2000
454
12
27
253
641
1316
240
984
2996
941
1028
256
1082
1148
485
799
2452
17
429
1192
598
2367
587
474
57
944
1387
1010
1159
1066
321
929
303
795
1394
1512
2348
381
120
470
1598
359
1810
273
1296
1587
140
1576
3103
4066
2250
886
2250
874
717
1809
247
57
789
764
960
247
71
1134
57
889
12
3856
960
281
209
889
25
53
372
905
715
1383
809
319
731
479
312
99
1538
419
181
1260
24
2763
1118
961
287
915
1841
941
1005
807
247
88
3557
135
538
178
681
550
1286
851
1257
2894
269
585
366
263
84
1055
3830
866
267
409
918
2710
553
1813
319
735
768
1609
623
14
153
1419
297
193
768
1624
1139
186
22
1583
67
443
570
1037
638
958
188
175
316
422
413
1935
1125
1601
425
681
520
341
1753
707
614
881
1357
73
1811
278
51
164
698
93
402
298
272
994
263
98
1250
1558
1086
1550
754
325
1902
387
544
562
282
334
470
1725
155
2072
77
133
351
455
72
1527
180
1035
516
131
147
379
0
17
531
1660
263
101
3159
165
941
1017
2256
1004
742
1728
204
276
2401
1119
1052
2204
253
654
335
584
325
2166
2399
1069
404
399
111
1217
54
390
823
1444
1214
3873
1026
191
460
404
427
865
232
108
642
1502
1306
29
405
543
488
1236
633
553
1894
262
54
488
1349
2329
208
751
158
75
21
1373
454
33
1026
195
1088
1862
1946
1589
178
640
1245
1157
908
948
2087
239
746
3075
2155
1655
173
144
100
2391
924
137
897
294
41
376
1747
555
2613
2861
113
1822
480
359
1700
1555
931
393
1311
132
308
2147
1347
1884
135
574
1546
613
816
704
382
177
502
510
1625
1192
618
1510
1997
409
906
758
519
252
502
565
492
2909
346
124
972
844
643
1727
183
1654
151
822
1287
935
622
2582
1457
3141
105
319
749
91
243
1562
1254
2079
153
1366
273
1287
908
904
658
657
565
530
1352
3116
25
90
121
558
73
1679
668
1990
302
727
277
3590
206
469
1403
3125
53
340
1370
375
1439
969
699
169
2273
1448
1491
768
1515
3021
1193
662
1017
2215
378
2435
2277
1587
145
205
418
105
323
1338
1074
640
1271
289
1297
1721
86
1532
283
405
507
992
208
739
1176
96
875
730
450
1655
173
147
333
382
160
277
3080
2322
143
39
211
1175
55
599
2679
328
83
846
810
359
1727
176
429
1189
475
94
555
3328
923
100
1956
2350
403
332
304
883
1643
4865
714
1261
41
417
51
120
403
364
139
1209
1904
413
1851
1272
319
672
65
268
519
292
2601
2077
125
1155
833
128
4735
584
303
758
535
5197
1046
1236
639
1081
1060
129
64
161
390
826
2122
729
376
1570
1952
2010
611
652
222
644
2110
532
2014
699
159
184
2352
417
60
1715
4
387
585
378
2339
288
977
1317
265
227
1596
310
3575
173
130
134
452
2417
1522
84
1125
1698
1407
39
183
1750
627
155
2501
364
171
1
78
219
267
393
1352
3208
342
1910
510
1721
96
827
2601
2081
173
187
93
464
671
5792
1641
3045
1519
34
1521
72
1237
667
1815
342
1913
571
1129
2390
918
2527
606
306
1316
240
936
646
3330
939
857
3141
105
324
1587
147
372
845
751
170
2742
860
46
1273
345
56
692
1984
222
587
491
2229
548
969
678
324
1747
544
530
1378
621
2416
1475
300
428
1050
1728
189
255
824
1668
415
2781
1391
1235
620
2063
5516
1365
245
4326
175
289
1165
1602
441
392
1223
200
4042
1998
414
2503
386
421
346
120
473
3832
873
624
57
954
53
335
604
157
54
491
2006
538
167
1383
825
1713
4271
120
482
533
2325
174
239
749
73
1973
103
159
190
351
485
791
938
787
622
2703
498
269
626
147
398
45
932
456
99
1837
806
208
720
3680
421
290
1572
2219
425
667
1885
140
1717
32
940
936
656
505
866
256
1046
1267
182
1544
578
28
384
286
707
602
79
377
2056
2486
250
314
283
379
3638
318
631
393
1394
1488
667
1872
4855
704
432
1870
3287
691
1579
9
1247
1254
2256
990
139
1316
255
794
1354
14
130
116
104
178
603
123
887
2973
750
142
3163
177
567
677
265
223
740
1320
356
1073
595
1357
69
779
235
397
3752
618
1435
758
504
665
1424
421
311
46
1265
149
654
368
133
417
50
86
1623
1120
1105
343
2775
1302
2486
251
368
415
2691
407
733
587
475
109
785
550
1203
1247
1257
3177
227
1478
378
2713
580
104
215
4909
758
556
9341
5190
1039
706
538
177
531
1653
132
255
910
1115
776
110
1065
286
687
1040
765
1081
1095
41
437
139
1406
17
457
196
1169
2417
1511
2108
506
916
1989
288
987
35
2118
656
509
1323
445
759
581
131
207
584
336
695
3507
29
435
4
332
322
1140
219
265
272
1118
978
1432
657
559
148
495
64
168
1623
1097
103
130
76
48
2038
1315
222
569
834
186
16
368
473
4155
4
423
482
548
908
946
1566
1519
30
645
2893
262
22
1760
883
1601
419
187
101
3621
277
3948
1364
221
492
2647
131
186
42
545
647
7
799
2669
263
78
240
968
645
2502
378
2733
765
1155
809
321
1045
1126
1852
1333
813
539
200
29
451
1885
145
174
216
80
410
1062
187
151
841
518
222
597
1952
1969
52
264
144
146
238
646
3672
400
159
155
2152
1530
241
1200
1039
748
37
3
225
1004
732
525
770
2108
501
460
365
205
348
219
301
564
419
163
558
108
647
28
329
130
85
1483
508
1187
431
1599
368
477
173
182
1401
2369
612
674
149
584
293
2931
467
1026
166
1020
7846
3695
461
408
825
1919
708
633
540
287
873
617
1210
2167
2525
593
1054
2910
347
190
406
646
3696
463
606
276
2691
412
1472
246
11
2722
661
866
257
1317
285
580
86
1528
198
1959
2917
388
641
1378
604
172
89
103
116
86
1708
2392
948
1941
1337
1011
1321
377
1994
357
1212
2639
87
2648
136
761
771
2382
792
1027
224
874
689
1294
1391
1266
159
183
1660
251
439
222
640
1287
937
723
82
777
127
2105
460
393
1368
309
2650
148
497
214
2344
343
3288
696
19
852
1423
397
3186
258
1379
670
4412
261
3148
128
2726
690
1443
1148
501
427
898
351
488
1269
251
418
100
1918
681
496
152
1053
2385
829
6
655
398
23
1848
1160
1169
2543
788
718
2259
1063
197
1549
707
590
773
3435
1974
107
472
2797
1738
370
629
294
14
135
536
84
1013
1606
524
622
2611
2741
846
829
7851
3700
474
16
378
2740
834
184
2257
1027
227
1559
1134
64
191
512
2314
86
1964
7
876
868
355
921
36
2700
477
221
484
687
1068
366
309
2659
202
121
607
325
1891
224
856
2168
2582
1458
3607
245
3319
870
480
360
2339
295
79
322
1146
426
732
554
2283
1846
1109
493
4601
450
1508
1834
741
1389
1144
364
122
643
1920
724
147
392
1254
2098
361
3062
1825
537
125
1230
433
2599
2002
478
270
769
1652
113
2016
741
1472
237
525
718
2107
483
644
2154
1618
908
942
1098
134
495
96
893
156
3267
592
916
2020
815
659
733
642
1636
1990
308
1887
173
172
111
1068
373
1003
709
772
2946
559
154
1470
191
478
247
55
541
365
212
1410
102
22
1606
546
686
964
407
766
1293
1322
427
911
1208
1835
764
958
179
834
167
1210
2093
301
583
243
1535
341
1514
2696
449
1391
1252
1778
1786
2770
1211
2269
1307
48
2007
562
307
1599
371
746
3689
445
801
15
276
2725
681
538
168
1545
593
1135
89
99
1442
1082
1129
2538
731
487
1142
290
1475
310
4278
127
2166
2379
737
934
534
3344
1029
296
122
722
63
67
506
896
261
4215
64
138
1062
161
380
29
423
497
213
1726
165
927
252
482
586
443
536
84
1033
429
1176
88
4357
206
519
295
114
2366
579
38
100
2109
510
1728
192
586
409
915
1784
2383
799
2408
1272
327
24
4053
2108
509
1375
530
1450
1640
2824
3015
1129
2612
2759
1053
2311
62
4590
439
241
1129
2527
606
287
904
669
2650
147
340
1295
1457
2870
155
2132
936
695
4703
552
1520
42
507
1112
671
17
462
525
773
3900
1137
130
123
880
1143
311
69
769
1730
236
411
1282
673
87
2502
374
1145
375
1410
88
3193
284
505
864
174
254
713
1154
769
1799
113
1842
943
1244
1083
1273
368
474
33
1213
3348
1059
83
972
895
234
236
474
57
794
1298
1815
349
308
1839
880
1243
975
1093
7
814
598
2071
66
317
520
338
955
94
581
134
523
596
1531
251
412
1518
11
2140
1130
2993
911
1239
804
112
1583
78
251
429
1236
663
1120
1123
1448
1527
167
1155
832
99
1558
1053
2372
655
386
479
340
1348
2104
446
875
767
1446
1316
258
1433
685
842
543
486
1018
2850
67
454
28
303
777
138
1114
756
417
66
307
1609
615
956
135
570
936
641
1446
1373
457
174
221
492
2791
1608
579
62
3770
672
62
4146
4974
823
1505
1506
1614
752
232
97
954
57
813
516
94
504
669
2620
4280
129
56
671
1
69
734
671
20
942
1092
3790
732
570
972
847
865
250
308
1859
1718
53
348
263
72
1502
1281
623
4215
64
153
1424
420
250
281
283
434
3223
402
285
644
1962
4064
2231
570
1006
844
640
1229
384
296
188
157
44
733
649
86
1901
364
124
959
211
1380
682
583
252
530
1496
983
2482
222
627
158
71
1038
679
377
2189
115
37
3937
1308
70
846
781
302
646
4014
1769
1230
427
823
1394
1463
66
340
1428
537
129
3
284
468
1198
906
763
905
710
859
29
405
539
211
1268
222
647
38
113
1853
1377
584
305
1149
539
221
457
168
1401
2381
773
4663
512
2162
2080
163
594
1172
5499
1348
2071
71
1075
689
1382
776
106
359
1839
862
119
326
2903
311
62
3832
873
617
1216
32
881
1344
1514
2803
1926
873
609
494
55
546
763
938
800
3339
995
333
403
361
3293
720
3731
559
148
528
1035
527
1007
934
556
3645
335
607
341
1661
280
208
783
420
225
1060
103
89
39
229
2229
547
828
2703
499
326
3170
203
213
2066
18
635
683
652
270
775
42
511
1956
2388
881
1327
567
673
82
709
770
1892
239
802
41
449
1247
1275
436
78
214
2371
635
655
422
394
1648
64
125
1164
1551
801
5054
903
604
189
290
1440
1003
684
710
836
234
278
42
491
2157
1744
478
280
166
1131
3619
272
1113
690
1537
395
2189
117
127
2068
41
368
484
680
443
535
34
1400
2142
1193
650
131
178
628
211
1245
1140
211
1328
632
437
157
7107
2956
627
191
464
743
1787
3159
163
633
542
395
1887
172
118
225
1101
215
3274
625
100
1930
971
782
385
349
343
2325
171
45
1026
179
729
371
728
335
617
1194
703
342
1924
807
230
18
665
1329
657
534
4328
177
515
49
2998
956
113
1881
95
678
367
353
663
1054
3060
1780
1895
282
302
719
2776
1307
39
199
2279
1670
446
918
2736
789
811
429
1231
464
760
700
206
441
382
131
147
381
123
833
145
222
570
961
298
308
2004
517
180
978
1408
49
2733
764
1029
299
362
8
1008
1009
1100
192
532
1912
559
147
335
603
148
451
1700
1515
3330
938
811
435
43
703
333
435
43
704
410
1080
974
1041
828
3194
287
898
349
356
1038
667
1956
2425
1801
132
300
430
1399
1996
395
2000
454
12
27
253
641
1316
240
984
2996
941
1028
256
1082
1148
485
799
2452
17
429
1192
598
2367
587
474
57
944
1387
1010
1159
1066
321
929
303
795
1394
1512
2348
381
120
470
1598
359
1810
273
1296
1587
140
1576
3103
4066
2250
886
2250
874
717
1809
247
57
789
764
960
247
71
1134
57
889
12
3856
960
281
209
889
25
53
372
905
715
1383
809
319
731
479
312
99
1538
419
181
1260
24
2763
1118
961
287
915
1841
941
1005
807
247
88
3557
135
538
178
681
550
1286
851
1257
2894
269
585
366
263
84
1055
3830
866
267
409
918
2710
553
1813
319
735
768
1609
623
14
153
1419
297
193
768
1624
1139
186
22
1583
67
443
570
1037
638
958
188
175
316
422
413
1935
1125
1601
425
681
520
341
1753
707
614
881
1357
73
1811
278
51
164
698
93
402
298
272
994
263
98
1250
1558
1086
1550
754
325
1902
387
544
562
282
334
470
1725
155
2072
77
133
351
455
72
1527
180
1035
516
131
147
379
0
17
531
1660
263
101
3159
165
941
1017
2256
1004
742
1728
204
276
2401
1119
1052
2204
253
654
335
584
325
2166
2399
1069
404
399
111
1217
54
390
823
1444
1214
3873
1026
191
460
404
427
865
232
108
642
1502
1306
29
405
543
488
1236
633
553
1894
262
54
488
1349
2329
208
751
158
75
21
1373
454
33
1026
195
1088
1862
1946
1589
178
640
1245
1157
908
948
2087
239
746
3075
2155
1655
173
144
100
2391
924
137
897
294
41
376
1747
555
2613
2861
113
1822
480
359
1700
1555
931
393
1311
132
308
2147
1347
1884
135
574
1546
613
816
704
382
177
502
510
1625
1192
618
1510
1997
409
906
758
519
252
502
565
492
2909
346
124
972
844
643
1727
183
1654
151
822
1287
935
622
2582
1457
3141
105
319
749
91
243
1562
1254
2079
153
1366
273
1287
908
904
658
657
565
530
1352
3116
25
90
121
558
73
1679
668
1990
302
727
277
3590
206
469
1403
3125
53
340
1370
375
1439
969
699
169
2273
1448
1491
768
1515
3021
1193
662
1017
2215
378
2435
2277
1587
145
205
418
105
323
1338
1074
640
1271
289
1297
1721
86
1532
283
405
507
992
208
739
1176
96
875
730
450
1655
173
147
333
382
160
277
3080
2322
143
39
211
1175
55
599
2679
328
83
846
810
359
1727
176
429
1189
475
94
555
3328
923
100
1956
2350
403
332
304
883
1643
4865
714
1261
41
417
51
120
403
364
139
1209
1904
413
1851
1272
319
672
65
268
519
292
2601
2077
125
1155
833
128
4735
584
303
758
535
5197
1046
1236
639
1081
1060
129
64
161
390
826
2122
729
376
1570
1952
2010
611
652
222
644
2110
532
2014
699
159
184
2352
417
60
1715
4
387
585
378
2339
288
977
1317
265
227
1596
310
3575
173
130
134
452
2417
1522
84
1125
1698
1407
39
183
1750
627
155
2501
364
171
1
78
219
267
393
1352
3208
342
1910
510
1721
96
827
2601
2081
173
187
93
464
671
5792
1641
3045
1519
34
1521
72
1237
667
1815
342
1913
571
1129
2390
918
2527
606
306
1316
240
936
646
3330
939
857
3141
105
324
1587
147
372
845
751
170
2742
860
46
1273
345
56
692
1984
222
587
491
2229
548
969
678
324
1747
544
530
1378
621
2416
1475
300
428
1050
1728
189
255
824
1668
415
2781
1391
1235
620
2063
5516
1365
245
4326
175
289
1165
1602
441
392
1223
200
4042
1998
414
2503
386
421
346
120
473
3832
873
624
57
954
53
335
604
157
54
491
2006
538
167
1383
825
1713
4271
120
482
533
2325
174
239
749
73
1973
103
159
190
351
485
791
938
787
622
2703
498
269
626
147
398
45
932
456
99
1837
806
208
720
3680
421
290
1572
2219
425
667
1885
140
1717
32
940
936
656
505
866
256
1046
1267
182
1544
578
28
384
286
707
602
79
377
2056
2486
250
314
283
379
3638
318
631
393
1394
1488
667
1872
4855
704
432
1870
3287
133
417
50
86
1623
1120
1105
343
2775
1302
2486
251
368
415
2691
407
733
587
475
109
785
550
1203
1247
1257
3177
227
1478
378
2713
580
104
215
4909
758
556
9341
5190
1039
706
538
177
531
1653
132
255
910
1115
776
110
1065
286
687
1040
765
1081
1095
41
437
139
1406
17
457
196
1169
2417
1511
2108
506
916
1989
288
987
35
2118
656
509
1323
445
759
581
131
207
584
336
695
3507
29
435
4
332
322
1140
219
265
272
1118
978
1432
657
559
148
495
64
168
1623
1097
103
130
76
48
2038
1315
222
569
834
186
16
368
473
4155
4
423
482
548
908
946
1566
1519
30
645
2893
262
22
1760
883
1601
419
187
101
3621
277
3948
1364
221
492
2647
131
186
42
545
647
7
799
2669
263
78
240
968
645
2502
378
2733
765
1155
809
321
1045
1126
1852
1333
813
539
200
29
451
1885
145
174
216
80
410
1062
187
151
841
518
222
597
1952
1969
52
264
144
146
238
646
3672
400
159
155
2152
1530
241
1200
1039
748
37
3
225
1004
732
525
770
2108
501
460
365
205
348
219
301
564
419
163
558
108
647
28
329
130
85
1483
508
1187
431
1599
368
477
173
182
1401
2369
612
674
149
584
293
2931
467
1026
166
1020
7846
3695
461
408
825
1919
708
633
540
287
873
617
1210
2167
2525
593
1054
2910
347
190
406
646
3696
463
606
276
2691
412
1472
246
11
2722
661
866
257
1317
285
580
86
1528
198
1959
2917
388
641
1378
604
172
89
103
116
86
1708
2392
948
1941
1337
1011
1321
377
1994
357
1212
2639
87
2648
136
761
771
2382
792
1027
224
874
689
1294
1391
1266
159
183
1660
251
439
222
640
1287
937
723
82
777
127
2105
460
393
1368
309
2650
148
497
214
2344
343
3288
696
19
852
1423
397
3186
258
1379
670
4412
261
3148
128
2726
690
1443
1148
501
427
898
351
488
1269
251
418
100
1918
681
496
152
1053
2385
829
6
655
398
23
1848
1160
1169
2543
788
718
2259
1063
197
1549
707
590
773
3435
1974
107
472
2797
1738
370
629
294
14
135
536
84
1013
1606
524
622
2611
2741
846
829
7851
3700
474
16
378
2740
834
184
2257
1027
227
1559
1134
64
191
512
2314
86
1964
7
876
868
355
921
36
2700
477
221
484
687
1068
366
309
2659
202
121
607
325
1891
224
856
2168
2582
1458
3607
245
3319
870
480
360
2339
295
79
322
1146
426
732
554
2283
1846
1109
493
4601
450
1508
1834
741
1389
1144
364
122
643
1920
724
147
392
1254
2098
361
3062
1825
537
125
1230
433
2599
2002
478
270
769
1652
113
2016
741
1472
237
525
718
2107
483
644
2154
1618
908
942
1098
134
495
96
893
156
3267
592
916
2020
815
659
733
642
1636
1990
308
1887
173
172
111
1068
373
1003
709
772
2946
559
154
1470
191
478
247
55
541
365
212
1410
102
22
1606
546
686
964
407
766
1293
1322
427
911
1208
1835
764
958
179
834
167
1210
2093
301
583
243
1535
341
1514
2696
449
1391
1252
1778
1786
2770
1211
2269
1307
48
2007
562
307
1599
371
746
3689
445
801
15
276
2725
681
538
168
1545
593
1135
89
99
1442
1082
1129
2538
731
487
1142
290
1475
310
4278
127
2166
2379
737
934
534
3344
1029
296
122
722
63
67
506
896
261
4215
64
138
1062
161
380
29
423
497
213
1726
165
927
252
482
586
443
536
84
1033
429
1176
88
4357
206
519
295
114
2366
579
38
100
2109
510
1728
192
586
409
915
1784
2383
799
2408
1272
327
24
4053
2108
509
1375
530
1450
1640
2824
3015
1129
2612
2759
1053
2311
62
4590
439
241
1129
2527
606
287
904
669
2650
147
340
1295
1457
2870
155
2132
936
695
4703
552
1520
42
507
1112
671
17
462
525
773
3900
1137
130
123
880
1143
311
69
769
1730
236
411
1282
673
87
2502
374
1145
375
1410
88
3193
284
505
864
174
254
713
1154
769
1799
113
1842
943
1244
1083
1273
368
474
33
1213
3348
1059
83
972
895
234
236
474
57
794
1298
1815
349
308
1839
880
1243
975
1093
7
814
598
2071
66
317
520
338
955
94
581
134
523
596
1531
251
412
1518
11
2140
1130
2993
911
1239
804
112
1583
78
251
429
1236
663
1120
1123
1448
1527
167
1155
832
99
1558
1053
2372
655
386
479
340
1348
2104
446
875
767
1446
1316
258
1433
685
842
543
486
1018
2850
67
454
28
303
777
138
1114
756
417
66
307
1609
615
956
135
570
936
641
1446
1373
457
174
221
492
2791
1608
579
62
3770
672
62
4146
4974
823
1505
1506
1614
752
232
97
954
57
813
516
94
504
669
2620
4280
129
56
671
1
69
734
671
20
942
1092
3790
732
570
972
847
865
250
308
1859
1718
53
348
263
72
1502
1281
623
4215
64
153
1424
420
250
281
283
434
3223
402
285
644
1962
4064
2231
570
1006
844
640
1229
384
296
188
157
44
733
649
86
1901
364
124
959
211
1380
682
583
252
530
1496
983
2482
222
627
158
71
1038
679
377
2189
115
37
3937
1308
70
846
781
302
646
4014
1769
1230
427
823
1394
1463
66
340
1428
537
129
3
284
468
1198
906
763
905
710
859
29
405
539
211
1268
222
647
38
113
1853
1377
584
305
1149
539
221
457
168
1401
2381
773
4663
512
2162
2080
163
594
1172
5499
1348
2071
71
1075
689
1382
776
106
359
1839
862
119
326
2903
311
62
3832
873
617
1216
32
881
1344
1514
2803
1926
873
609
494
55
546
763
938
800
3339
995
333
403
361
3293
720
3731
559
148
528
1035
527
1007
934
556
3645
335
607
341
1661
280
208
783
420
225
1060
103
89
39
229
2229
547
828
2703
499
326
3170
203
213
2066
18
635
683
652
270
775
42
511
1956
2388
881
1327
567
673
82
709
770
1892
239
802
41
449
1247
1275
436
78
214
2371
635
655
422
394
1648
64
125
1164
1551
801
5054
903
604
189
290
1440
1003
684
710
836
234
278
42
491
2157
1744
478
280
166
1131
3619
272
1113
690
1537
395
2189
117
127
2068
41
368
484
680
443
535
34
1400
2142
1193
650
131
178
628
211
1245
1140
211
1328
